using System;
using System.Collections;
using System.Diagnostics;
using System.Collections.Generic;
using System.Linq;
using System.Text;
using System.Threading.Tasks;
using System.IO;
using MathNet.Numerics;
using MathNet.Numerics.Distributions;
using MathNet.Numerics.LinearAlgebra;
using MathNet.Numerics.LinearAlgebra.Double;

namespace SoftwareReliability
{
    class Program
    {
        //Global Variables
        static int number;
        static double[] component_reliabilities;
        static Matrix<double> correlations_matrix;
        static List<double> sigma = new List<double>();
        static List<int[]> CS = new List<int[]>();
        static List<int[]> PS = new List<int[]>();
        static List<double[]> Bm = new List<double[]>();
        //static double[] component_reliabilities = {0.95, 0.8, 0.93};                    //2 out of 3
        //static double[] component_reliabilities = { 0.99, 0.995, 0.98, 0.995};        //RAMS2014
        //component_reliabilities = { 0.8, 0.75, 0.7, 0.72, 0.73 };   //Hoda's
        //static double[] component_reliabilities = { 0.99, 0.995, 0.98, 0.995, 0.8, 0.75, 0.7, 0.72, 0.73, 0.84 }; //10 State

        static List<PTrace> ConditionalPErrors = new List<PTrace>();
        static List<PTrace> TotalPErrors = new List<PTrace>();

        static void Main(string[] args)
        {
            //Setup stopwatch
            DateTime startTime, endTime;
            double elpasedMilliseconds;
            startTime = DateTime.Now;

            //Build environment
            Build("8p");
            

            int i = 1;
            double S;
            if (i == 0)
            {    
                FindReliability();
            }
            else
            {
                S = Simulation(1000000);
                Console.WriteLine("Simulation Estimate with 1,000,000 runs: " + S.ToString("#0.0000000000"));
            }

            //Hold Results on screen
            endTime = DateTime.Now;
            elpasedMilliseconds = ((TimeSpan)(endTime - startTime)).TotalMilliseconds;
            Console.WriteLine("Task took " + elpasedMilliseconds.ToString("#0.00") + " ms.");
            //ExportBuild("22bn");         
        }
        
        //Exports current enviornment to a text file which includes: component reliabilities and correlations
        static void ExportBuild(string file_name)
        {
            string path = @"Z:\" + file_name + ".txt";
            string components = "{";
            string correlations_string = "{";
            double [] correlations = correlations_matrix.ToColumnMajorArray();
            //Start File
            File.AppendAllLines(path, new [] {file_name + "Build", "Component Reliabilities:"});
            //Loop through component reliabilities
            for (int i = 0; i < component_reliabilities.Count(); i++)
            {
                if (i == component_reliabilities.Count() - 1)
                    components += component_reliabilities[i].ToString("#0.00000") + " }";
                else
                    components += component_reliabilities[i].ToString("#0.00000") + ", ";
            }
            //Append components
            File.AppendAllLines(path, new [] {components, "Correlations:"});
            //Loop through correlations
            for (int i = 0; i < correlations.Count(); i++)
            {
                if (i == correlations.Count() - 1)
                    correlations_string += correlations[i].ToString("#0.00000") + " }";
                else if (i % number == 0)
                    correlations_string += correlations[i].ToString("#0.00000") + ",\n";
                else
                    correlations_string += correlations[i].ToString("#0.00000") + ", ";
            }
            //Append correlations
            File.AppendAllLines(path, new [] {correlations_string});
        }

        //Function which uses a Random Number Generator and a data set to sample from the data set and generate a double within the bounds of the sample
        static double PseudoSample(double[] data)
        {
            Random r = new Random();        //Random Number Generator to choose random correlations from the data set
            int a;                          //Temp variable to hold random number between 1-162 (used in correlation generation)
            double b1,b2,result;            //Temp variables to hold bounds for random number generation when generating correlations

            a = r.Next(1,data.Count());      //Generate random number between 1-162
            if (a != data.Count() - 1)       //If index does not overflow set b1 and b2 using increment
            {
                b1 = data[a];
                b2 = data[a+1];
            }
            else                            //Else set b1 and b2 using decrement
            {
                b1 = data[a-1];
                b2 = data[a];
            }
            result = r.NextDouble() * (b2-b1) + b1;    //Generate random double between b1 and b2
            return result;
        }

        //First Coverage Test Function which tests a 2o3 enviornment with random reliabilities and correlations within the theoretical bounds
        static void CoverageTest1(string system, int runs)
        {
            Random r = new Random();        //Random Number Generator to generate reliabilities
            int success = 0;                //Initialize success counter to zero
            Build(system);                  //Import cuts and paths of system as well as set number of components

            for (int i = 0; i < runs; i++)  //Loop for the appropriate number of test runs 
            {
                Console.WriteLine(i);
                Bm.Clear();                     //Clear B matrix and reinitialize the vector with 2 placeholders
                Bm.Add(new double[] {0});
                Bm.Add(new double[] {0});
                GenerateComponents(0.001, 0.999); //Generate n random reliabilities
                GenerateCorrelations();           //Generate correlations within the theoretical bounds
                GenerateSigma();                  //Generate Sigma values for use in B matrix

                //Clear out list of previous conditional and total probability errors
                ConditionalPErrors.Clear();
                TotalPErrors.Clear();
                //Enumerate Tree
                FindReliability();
                //Check to see if there were any errors when enumerating the tree, if there were no errors increment success
                if (ConditionalPErrors.Count == 0 && TotalPErrors.Count == 0)
                    success++;
            }
            double success_rate = (double)success / (double)runs;
            Console.WriteLine("Coverage Test 1:\n" + success + " successful enumerations after " + runs + " test runs");
            Console.WriteLine("Success Rate: " + success_rate);
        }

        //Second Coverage test which tests a 2o3 enviornment sampling reliabilties from a beta distribution and sampling correlations from previous data set 
        static void CoverageTest2(string system, int runs, bool correction = true)
        {
            bool fail = false;              //Fail flag for non-correction method
            int r,c_index,sum = 0;          //Row index and correlations index used in transposing correaltions into the c array
            double[] correlations;          //Generated correlation values
            double[] c;                     //Temp variable used in correlation matrix construction
            int success = 0;                //Initialize success counter to zero
            Build(system);                  //Import cuts and paths of system as well as set number of components
            //Create Beta Distribution with alpha = 1000 and beta = 2, add 10,000 samples to double array and compute average
            Beta beta = new Beta(1000,2);
            double[] samples = new double[number*runs];
            beta.Samples(samples);
            double average = samples.Average(); 
            //Make sure average of beta distribution is within the bounds
            if (average < 0.997 || average > 0.999)
            {
                Console.WriteLine("Beta Distribution Error: Average sample = " + average.ToString("#.######"));
                return;
            }

            //Correlation data set
            double[] data_set = new double[] {-0.000832051, -0.00077379, -0.000700997, -0.000556345, -0.000551149, -0.000546957, -0.00046025, -0.000377824, -0.000334054, -0.00032533, -0.00030337, -0.000289878, -0.000269457, -0.000250505, -0.000222839, -0.000216432, -0.000192773, -0.000172419, -0.000171405, -0.000150472, -0.00014154, -0.000139644, -0.000136932, -0.00013589, -0.000119422, -0.000118307, -0.000117407, -0.0000959645, -0.0000903688, -0.0000808274, -0.000078077, -0.0000753715, -0.0000717061, -0.0000698334, -0.0000678329, -0.000066352, -0.0000651196, -0.0000573269, -0.0000523427, -0.0000432869, -0.0000420424, -0.0000359503, -0.0000332959, -0.0000292295, -0.0000229813, -0.0000228065, -0.0000168529, -0.0000151666, -0.0000145606, -0.0000139291, -0.0000135653, -0.0000126496, -0.0000111359, -0.00000282844, 0, 0, 0, 0, 0, 0, 0, 0, 0, 0, 0, 0, 0, 0, 0, 0, 0, 0, 0, 0, 0, 0, 0, 0, 0, 0, 0, 0, 0, 0, 0, 0, 0, 0, 0, 0, 0, 0, 0, 0, 0, 0, 0, 0, 0, 0, 0, 0, 0, 0, 0, 0, 0, 0, 0, 0, 0, 0, 0, 0, 0, 0, 0, 0, 0, 0, 0, 0, 0, 0, 0, 0, 0.0000193941, 0.000506082, 0.00114057, 0.00117882, 0.00171039, 0.00185772, 0.00209051, 0.00232217, 0.00238901, 0.0031334, 0.00338147, 0.00348186, 0.00396074, 0.00484534, 0.00636997, 0.00709894, 0.00750422, 0.011968, 0.0140486, 0.0187122, 0.0384815, 0.0503591, 0.0794512, 0.0862146, 0.0981174, 0.120224, 0.136748, 0.167731, 0.198908, 0.205563, 0.220539, 0.227669, 0.407697, 0.441613, 0.530991, 0.58726};

            for (int i = 0; i < runs; i++)  //Loop for the appropriate number of test runs 
            {
                Console.WriteLine(i);
                //Reinitalize fail flag for non-correction method
                fail = false;
                //Clear B matrix and reinitialize the vector with 2 placeholders
                Bm.Clear();                     
                Bm.Add(new double[] {0});
                Bm.Add(new double[] {0});
                //Clear component reliabilities and correaltions then add n samples as component reliabilities 
                component_reliabilities = new double[number];
                for (int j = 0; j < number; j++)
                    component_reliabilities[j] = samples[number*i+j];
                //Generate correlation bounds
                List<CorrelationPairs> bounds = CorrelationBounds();
                correlations = new double[bounds.Count()];
                //Continue generating correlations using data set as reference until all correlations are within theoretical bounds
                if (correction)
                {
                    for (int j = 0; j < bounds.Count(); j++)
                    {
                        //Generate correaltion value using data set, then repeat if outside theoretical bounds
                        correlations[j] = PseudoSample(data_set);
                        if (correlations[j] > bounds[j].max || correlations[j] < bounds[j].min)
                            j--;
                    }
                }
                //Otherwise generate correlations and fail iteration if a correlation is outside theoretical bounds
                else
                {
                    for (int j = 0; j < bounds.Count(); j++)
                    {
                        correlations[j] = PseudoSample(data_set);
                        if (correlations[j] > bounds[j].max || correlations[j] < bounds[j].min)
                        {
                            fail = true;
                            break;
                        }
                    }
                    if (fail)
                        continue;
                }
                //Enter correlations into a double array then generate matrix
                c = new double[number*number];
                r = 0;
                c_index = 0;
                for (int j = 0; j < number*number;)
                {
                    //Initialize summation
                    sum = r-1;
                    //Enter previous correlations at r > k
                    for (int k = 0; k <  r; k++)
                    {
                        if(k == 0)
                            c[j++] = correlations[r-1];
                        else
                        {
                            c[j++] = correlations[(sum)+(number-k-1)];
                            sum += (number - k - 1);
                        }
                    }
                    //Enter correlation of 1 at r = k
                    c[j++] = 1;
                    //Enter new correlations at r < k
                    while (j % number != 0)
                        c[j++] = correlations[c_index++];
                    //Increment row index
                    r++;
                }
                correlations_matrix = Matrix<double>.Build.Dense(number,number,c);
                GenerateSigma();    //Generate Sigma values for use in B matrix

                //Clear out list of previous conditional and total probability errors
                ConditionalPErrors.Clear();
                TotalPErrors.Clear();
                //Enumerate Tree
                FindReliability();
                //Check to see if there were any errors when enumerating the tree, if there were no errors increment success
                if (ConditionalPErrors.Count == 0 && TotalPErrors.Count == 0)
                    success++;
            }
            double success_rate = (double)success / (double)runs;
            if (correction)
                Console.WriteLine("Coverage Test 2 with Correction:\n" + success + " successful enumerations after " + runs + " test runs");
            else
                Console.WriteLine("Coverage Test 2 without Correction:\n" + success + " successful enumerations after " + runs + " test runs");
            Console.WriteLine("Success Rate: " + success_rate);
        }

        static List<int[]> WolframPerms(List<int[]> perms)
        {
            List<int> temp = new List<int>();
            List<int[]> newList = new List<int[]>();

            foreach(int[] i in perms)
            {
                temp.Clear();
                for(int j = 0; j < i.Length; j++)
                {
                    if(i[j] == 1)
                        temp.Add(j+1);
                }
                newList.Add(temp.ToArray());
            }
            return newList;
        }
        
        //Function which builds the appropriate component network based on input string (does not generate b vectors only intializes)
        static void Build(string s)
        {
            double[] correlations;
            Bm.Clear();
            Bm.Add(new double[] {0});
            Bm.Add(new double[] {0});
            CS.Clear();
            PS.Clear();

            switch (s)
            {
                case "2s":                      //2 component series
                    number = 2;
                    component_reliabilities = new double[] {0.8, 0.75};
                    /* correlations = new double[] { 1.00, -0.28,
                                                -0.28,  1.00}; */
                    correlations = new double[] { 1.0000000, 0.1377770,
                                                  0.1377770, 1.0000000};
                    correlations_matrix = Matrix<double>.Build.Dense(2,2,correlations);
                    GenerateSigma();
                    CS.Add(new int[] {1});
                    CS.Add(new int[] {2});
                    PS.Add(new int[] {1,2});
                    break;
                case "2p":                      //2 component parallel
                    number = 2;
                    component_reliabilities = new double[] {0.8, 0.75};
                    /* correlations = new double[] { 1.00, -0.28,
                                                -0.28,  1.00}; */
                    correlations = new double[] { 1.0000000, 0.1377770,
                                                  0.1377770, 1.0000000};
                    correlations_matrix = Matrix<double>.Build.Dense(2,2,correlations);
                    GenerateSigma();
                    CS.Add(new int[] {1,2});
                    PS.Add(new int[] {1});
                    PS.Add(new int[] {2});
                    break;
                case "3s":                      //3 component series
                    number = 3;
                    component_reliabilities = new double[] {0.8, 0.75, 0.7};
                    /* correlations = new double[] { 1.00, -0.28, 0.1,
                                                -0.28,  1.00, 0.2,
                                                0.1,   0.2,  1.00}; */
                    correlations = new double[] { 1.0000000, 0.1377770, 0.0326228,
                                                  0.1377770, 1.0000000, 0.1108590,
                                                  0.0326228, 0.1108590, 1.0000000};
                    correlations_matrix = Matrix<double>.Build.Dense(3,3,correlations);
                    GenerateSigma();
                    CS.Add(new int[] {1});
                    CS.Add(new int[] {2});
                    CS.Add(new int[] {3});
                    PS.Add(new int[] {1,2,3});
                    break;
                case "3p":                      //3 component parallel
                    number = 3;
                    component_reliabilities = new double[] {0.8, 0.75, 0.7};
                    /* correlations = new double[] { 1.00, -0.28, 0.1,
                                                -0.28,  1.00, 0.2,
                                                0.1,   0.2,  1.00}; */
                    correlations = new double[] { 1.0000000, 0.1377770, 0.0326228,
                                                  0.1377770, 1.0000000, 0.1108590,
                                                  0.0326228, 0.1108590, 1.0000000};
                    correlations_matrix = Matrix<double>.Build.Dense(3,3,correlations);
                    GenerateSigma();
                    CS.Add(new int[] {1,2,3});
                    PS.Add(new int[] {1});
                    PS.Add(new int[] {2});
                    PS.Add(new int[] {3});
                    break;
                case "4s":                      //4 component series
                    number = 4;
                    component_reliabilities = new double[] {0.8, 0.75, 0.7, 0.72};
                    /*correlations = new double[] { 1.00, -0.28,   0.1,-0.15,
                                                 -0.28,  1.00,   0.2, 0.30,
                                                   0.1,   0.2,  1.00, 0.32,
                                                 -0.15,  0.30,  0.32, 1.00};*/
                    correlations = new double[] { 1.0000000, 0.1377770, 0.0326228, 0.0719920,
                                                  0.1377770, 1.0000000, 0.1108590, 0.0981194,
                                                  0.0326228, 0.1108590, 1.0000000, 0.0873844,
                                                  0.0719920, 0.0981194, 0.0873844, 1.0000000};
                    correlations_matrix = Matrix<double>.Build.Dense(4,4,correlations);
                    GenerateSigma();
                    CS.Add(new int[] {1});
                    CS.Add(new int[] {2});
                    CS.Add(new int[] {3});
                    CS.Add(new int[] {4});
                    PS.Add(new int[] {1,2,3,4});
                    break;
                case "4p":                      //4 component parallel
                    number = 4;
                    component_reliabilities = new double[] {0.8, 0.75, 0.7, 0.72};
                    /*correlations = new double[] { 1.00, -0.28,   0.1,-0.15,
                                                 -0.28,  1.00,   0.2, 0.30,
                                                   0.1,   0.2,  1.00, 0.32,
                                                 -0.15,  0.30,  0.32, 1.00};*/
                    correlations = new double[] { 1.0000000, 0.1377770, 0.0326228, 0.0719920,
                                                  0.1377770, 1.0000000, 0.1108590, 0.0981194,
                                                  0.0326228, 0.1108590, 1.0000000, 0.0873844,
                                                  0.0719920, 0.0981194, 0.0873844, 1.0000000};
                    correlations_matrix = Matrix<double>.Build.Dense(4,4,correlations);
                    GenerateSigma();
                    CS.Add(new int[] {1,2,3,4});
                    PS.Add(new int[] {1});
                    PS.Add(new int[] {2});
                    PS.Add(new int[] {3});
                    PS.Add(new int[] {4});
                    break;
                case "5s":                      //5 component series
                    number = 5;
                    component_reliabilities = new double[] {0.8, 0.75, 0.7, 0.72, 0.73};
                    /*correlations = new double[] { 1.00, -0.28,   0.1,-0.15, 0.15,
                                                 -0.28,  1.00,   0.2, 0.30,-0.15,
                                                   0.1,   0.2,  1.00, 0.32, 0.50,
                                                 -0.15,  0.30,  0.32, 1.00,-0.22,
                                                  0.15, -0.15,  0.50,-0.22, 1.00};*/
                    correlations = new double[] { 1.0000000, 0.1377770, 0.0326228, 0.0719920, -0.0486818,
                                                  0.1377770, 1.0000000, 0.1108590, 0.0981194,  0.1800180,
                                                  0.0326228, 0.1108590, 1.0000000, 0.0873844,  0.1303380,
                                                  0.0719920, 0.0981194, 0.0873844, 1.0000000,  0.0248845,
                                                 -0.0486818, 0.1800180, 0.1303380, 0.0248845,  1.0000000};
                    correlations_matrix = Matrix<double>.Build.Dense(5,5,correlations);
                    GenerateSigma();
                    CS.Add(new int[] {1});
                    CS.Add(new int[] {2});
                    CS.Add(new int[] {3});
                    CS.Add(new int[] {4});
                    CS.Add(new int[] {5});
                    PS.Add(new int[] {1,2,3,4,5});
                    break;
                case "5p":                      //5 component parallel 
                    number = 5;
                    component_reliabilities = new double[] {0.8, 0.75, 0.7, 0.72, 0.73};
                    /*correlations = new double[] { 1.00, -0.28,   0.1,-0.15, 0.15,
                                                 -0.28,  1.00,   0.2, 0.30,-0.15,
                                                   0.1,   0.2,  1.00, 0.32, 0.50,
                                                 -0.15,  0.30,  0.32, 1.00,-0.22,
                                                  0.15, -0.15,  0.50,-0.22, 1.00};*/
                    correlations = new double[] { 1.0000000, 0.1377770, 0.0326228, 0.0719920, -0.0486818,
                                                  0.1377770, 1.0000000, 0.1108590, 0.0981194,  0.1800180,
                                                  0.0326228, 0.1108590, 1.0000000, 0.0873844,  0.1303380,
                                                  0.0719920, 0.0981194, 0.0873844, 1.0000000,  0.0248845,
                                                 -0.0486818, 0.1800180, 0.1303380, 0.0248845,  1.0000000};
                    correlations_matrix = Matrix<double>.Build.Dense(5,5,correlations);
                    GenerateSigma();
                    CS.Add(new int[] {1,2,3,4,5});
                    PS.Add(new int[] {1});
                    PS.Add(new int[] {2});
                    PS.Add(new int[] {3});
                    PS.Add(new int[] {4});
                    PS.Add(new int[] {5});
                    break;
                case "6s":                      //6 component series 
                    number = 6;
                    component_reliabilities = new double[] {0.8, 0.75, 0.7, 0.72, 0.73, 0.77};
                    /*correlations = new double[] { 1.00, -0.28,   0.1,-0.15, 0.15, 0.05,
                                                 -0.28,  1.00,   0.2, 0.30,-0.15,-0.20, 
                                                   0.1,   0.2,  1.00, 0.32, 0.50,-0.30, 
                                                 -0.15,  0.30,  0.32, 1.00,-0.22, 0.20, 
                                                  0.15, -0.15,  0.50,-0.22, 1.00, 0.25,
                                                  0.05, -0.20, -0.30, 0.20, 0.25, 1.00};*/
                    correlations = new double[] { 1.0000000, 0.1377770, 0.0326228, 0.071992000, -0.04868180, 0.09131980, 
                                                  0.1377770, 1.0000000, 0.1108590, 0.098119400,  0.18001800, 0.01634070, 
                                                  0.0326228, 0.1108590, 1.0000000, 0.087384400,  0.13033800, 0.11618600, 
                                                  0.0719920, 0.0981194, 0.0873844, 1.000000000,  0.02488450,-0.03212350, 
                                                 -0.0486818, 0.1800180, 0.1303380, 0.024884500,  1.00000000,-0.00696747, 
                                                  0.0913198, 0.0163407, 0.1161860,-0.032123500, -0.00696747, 1.00000000};
                    correlations_matrix = Matrix<double>.Build.Dense(6,6,correlations);
                    GenerateSigma();
                    PS.Add(new int[] {1,2,3,4,5,6});
                    CS.Add(new int[] {1});
                    CS.Add(new int[] {2});
                    CS.Add(new int[] {3});
                    CS.Add(new int[] {4});
                    CS.Add(new int[] {5});
                    CS.Add(new int[] {6});
                    break;
                case "6p":                      //6 component parallel 
                    number = 6;
                    component_reliabilities = new double[] {0.8, 0.75, 0.7, 0.72, 0.73, 0.77};
                    /*correlations = new double[] { 1.00, -0.28,   0.1,-0.15, 0.15, 0.05,
                                                 -0.28,  1.00,   0.2, 0.30,-0.15,-0.20, 
                                                   0.1,   0.2,  1.00, 0.32, 0.50,-0.30, 
                                                 -0.15,  0.30,  0.32, 1.00,-0.22, 0.20, 
                                                  0.15, -0.15,  0.50,-0.22, 1.00, 0.25,
                                                  0.05, -0.20, -0.30, 0.20, 0.25, 1.00};*/
                    correlations = new double[] { 1.0000000, 0.1377770, 0.0326228, 0.071992000, -0.04868180, 0.09131980, 
                                                  0.1377770, 1.0000000, 0.1108590, 0.098119400,  0.18001800, 0.01634070, 
                                                  0.0326228, 0.1108590, 1.0000000, 0.087384400,  0.13033800, 0.11618600, 
                                                  0.0719920, 0.0981194, 0.0873844, 1.000000000,  0.02488450,-0.03212350, 
                                                 -0.0486818, 0.1800180, 0.1303380, 0.024884500,  1.00000000,-0.00696747, 
                                                  0.0913198, 0.0163407, 0.1161860,-0.032123500, -0.00696747, 1.00000000};
                    correlations_matrix = Matrix<double>.Build.Dense(6,6,correlations);
                    GenerateSigma();
                    CS.Add(new int[] {1,2,3,4,5,6});
                    PS.Add(new int[] {1});
                    PS.Add(new int[] {2});
                    PS.Add(new int[] {3});
                    PS.Add(new int[] {4});
                    PS.Add(new int[] {5});
                    PS.Add(new int[] {6});
                    break;
                case "7s":                      //7 component series 
                    number = 7;
                    component_reliabilities = new double[] {0.8, 0.75, 0.7, 0.72, 0.73, 0.77, 0.67};
                    /*correlations = new double[] { 1.00, -0.28,   0.1,-0.15, 0.15, 0.05,-0.23,
                                                 -0.28,  1.00,   0.2, 0.30,-0.15,-0.20, 0.16,
                                                   0.1,   0.2,  1.00, 0.32, 0.50,-0.30, 0.17,
                                                 -0.15,  0.30,  0.32, 1.00,-0.22, 0.20,-0.30, 
                                                  0.15, -0.15,  0.50,-0.22, 1.00, 0.25,-0.16,
                                                  0.05, -0.20, -0.30, 0.20, 0.25, 1.00, 0.27,
                                                 -0.23,  0.16,  0.17,-0.30,-0.16, 0.27, 1.00};*/
                    correlations = new double[] { 1.0000000, 0.1377770, 0.0326228, 0.071992000, -0.04868180, 0.09131980, -0.066384200, 
                                                  0.1377770, 1.0000000, 0.1108590, 0.098119400,  0.18001800, 0.01634070, -0.059739400, 
                                                  0.0326228, 0.1108590, 1.0000000, 0.087384400,  0.13033800, 0.11618600, -0.056192500, 
                                                  0.0719920, 0.0981194, 0.0873844, 1.000000000,  0.02488450,-0.03212350, -0.000253982, 
                                                 -0.0486818, 0.1800180, 0.1303380, 0.024884500,  1.00000000,-0.00696747,  0.127017000, 
                                                  0.0913198, 0.0163407, 0.1161860,-0.032123500, -0.00696747, 1.00000000,  0.014421100, 
                                                 -0.0663842,-0.0597394,-0.0561925,-0.000253982,  0.12701700, 0.01442110,  1.000000000};
                    correlations_matrix = Matrix<double>.Build.Dense(7,7,correlations);
                    GenerateSigma();
                    PS.Add(new int[] {1,2,3,4,5,6,7});
                    CS.Add(new int[] {1});
                    CS.Add(new int[] {2});
                    CS.Add(new int[] {3});
                    CS.Add(new int[] {4});
                    CS.Add(new int[] {5});
                    CS.Add(new int[] {6});
                    CS.Add(new int[] {7});
                    break;
                case "7p":                      //7 component parallel 
                    number = 7;
                    component_reliabilities = new double[] {0.8, 0.75, 0.7, 0.72, 0.73, 0.77, 0.67};
                    /*correlations = new double[] { 1.00, -0.28,   0.1,-0.15, 0.15, 0.05,-0.23,
                                                 -0.28,  1.00,   0.2, 0.30,-0.15,-0.20, 0.16,
                                                   0.1,   0.2,  1.00, 0.32, 0.50,-0.30, 0.17,
                                                 -0.15,  0.30,  0.32, 1.00,-0.22, 0.20,-0.30, 
                                                  0.15, -0.15,  0.50,-0.22, 1.00, 0.25,-0.16,
                                                  0.05, -0.20, -0.30, 0.20, 0.25, 1.00, 0.27,
                                                 -0.23,  0.16,  0.17,-0.30,-0.16, 0.27, 1.00};*/
                    correlations = new double[] { 1.0000000, 0.1377770, 0.0326228, 0.071992000, -0.04868180, 0.09131980, -0.066384200, 
                                                  0.1377770, 1.0000000, 0.1108590, 0.098119400,  0.18001800, 0.01634070, -0.059739400, 
                                                  0.0326228, 0.1108590, 1.0000000, 0.087384400,  0.13033800, 0.11618600, -0.056192500, 
                                                  0.0719920, 0.0981194, 0.0873844, 1.000000000,  0.02488450,-0.03212350, -0.000253982, 
                                                 -0.0486818, 0.1800180, 0.1303380, 0.024884500,  1.00000000,-0.00696747,  0.127017000, 
                                                  0.0913198, 0.0163407, 0.1161860,-0.032123500, -0.00696747, 1.00000000,  0.014421100, 
                                                 -0.0663842,-0.0597394,-0.0561925,-0.000253982,  0.12701700, 0.01442110,  1.000000000};
                    correlations_matrix = Matrix<double>.Build.Dense(7,7,correlations);
                    GenerateSigma();
                    CS.Add(new int[] {1,2,3,4,5,6,7});
                    PS.Add(new int[] {1});
                    PS.Add(new int[] {2});
                    PS.Add(new int[] {3});
                    PS.Add(new int[] {4});
                    PS.Add(new int[] {5});
                    PS.Add(new int[] {6});
                    PS.Add(new int[] {7});
                    break;
                case "8s":                      //8 component series 
                    number = 8;
                    component_reliabilities = new double[] {0.8, 0.75, 0.7, 0.72, 0.73, 0.77, 0.67,0.5};
                    /* correlations = new double[] { 1.00, -0.28,   0.1,-0.15, 0.15, 0.05,-0.23, 0.22,
                                                 -0.28,  1.00,   0.2, 0.30,-0.15,-0.20, 0.16,-0.16,
                                                   0.1,   0.2,  1.00, 0.32, 0.50,-0.30, 0.17, 0.07,
                                                 -0.15,  0.30,  0.32, 1.00,-0.22, 0.20,-0.30, 0.25,
                                                  0.15, -0.15,  0.50,-0.22, 1.00, 0.25,-0.16, 0.10,
                                                  0.05, -0.20, -0.30, 0.20, 0.25, 1.00, 0.27,-0.07,
                                                 -0.23,  0.16,  0.17,-0.30,-0.16, 0.27, 1.00, 0.35,
                                                  0.22, -0.16,  0.07, 0.25, 0.10,-0.07, 0.35, 1.00}; */
                    correlations = new double[] { 1.0000000, 0.1377770, 0.0326228, 0.071992000, -0.04868180, 0.09131980, -0.066384200, 0.0178629,
                                                  0.1377770, 1.0000000, 0.1108590, 0.098119400,  0.18001800, 0.01634070, -0.059739400,-0.0346766,
                                                  0.0326228, 0.1108590, 1.0000000, 0.087384400,  0.13033800, 0.11618600, -0.056192500,-0.0402154,
                                                  0.0719920, 0.0981194, 0.0873844, 1.000000000,  0.02488450,-0.03212350, -0.000253982, 0.0286271,
                                                 -0.0486818, 0.1800180, 0.1303380, 0.024884500,  1.00000000,-0.00696747,  0.127017000,-0.0166433, 
                                                  0.0913198, 0.0163407, 0.1161860,-0.032123500, -0.00696747, 1.00000000,  0.014421100,-0.0140690, 
                                                 -0.0663842,-0.0597394,-0.0561925,-0.000253982,  0.12701700, 0.01442110,  1.000000000,-0.0305813,
                                                  0.0178629,-0.0346766,-0.0402154, 0.028627100, -0.01664330, -0.0140690, -0.030581300, 1.0000000};
                    correlations_matrix = Matrix<double>.Build.Dense(8,8,correlations);
                    GenerateSigma();
                    PS.Add(new int[] {1,2,3,4,5,6,7,8});
                    CS.Add(new int[] {1});
                    CS.Add(new int[] {2});
                    CS.Add(new int[] {3});
                    CS.Add(new int[] {4});
                    CS.Add(new int[] {5});
                    CS.Add(new int[] {6});
                    CS.Add(new int[] {7});
                    CS.Add(new int[] {8});
                    break;
                case "8p":                      //8 component parallel 
                    number = 8;
                    component_reliabilities = new double[] {0.8, 0.75, 0.7, 0.72, 0.73, 0.77, 0.67,0.5};
                    /* correlations = new double[] { 1.00, -0.28,   0.1,-0.15, 0.15, 0.05,-0.23, 0.22,
                                                 -0.28,  1.00,   0.2, 0.30,-0.15,-0.20, 0.16,-0.16,
                                                   0.1,   0.2,  1.00, 0.32, 0.50,-0.30, 0.17, 0.07,
                                                 -0.15,  0.30,  0.32, 1.00,-0.22, 0.20,-0.30, 0.25,
                                                  0.15, -0.15,  0.50,-0.22, 1.00, 0.25,-0.16, 0.10,
                                                  0.05, -0.20, -0.30, 0.20, 0.25, 1.00, 0.27,-0.07,
                                                 -0.23,  0.16,  0.17,-0.30,-0.16, 0.27, 1.00, 0.35,
                                                  0.22, -0.16,  0.07, 0.25, 0.10,-0.07, 0.35, 1.00};*/
                    correlations = new double[] { 1.0000000, 0.1377770, 0.0326228, 0.071992000, -0.04868180, 0.09131980, -0.066384200, 0.0178629,
                                                  0.1377770, 1.0000000, 0.1108590, 0.098119400,  0.18001800, 0.01634070, -0.059739400,-0.0346766,
                                                  0.0326228, 0.1108590, 1.0000000, 0.087384400,  0.13033800, 0.11618600, -0.056192500,-0.0402154,
                                                  0.0719920, 0.0981194, 0.0873844, 1.000000000,  0.02488450,-0.03212350, -0.000253982, 0.0286271,
                                                 -0.0486818, 0.1800180, 0.1303380, 0.024884500,  1.00000000,-0.00696747,  0.127017000,-0.0166433, 
                                                  0.0913198, 0.0163407, 0.1161860,-0.032123500, -0.00696747, 1.00000000,  0.014421100,-0.0140690, 
                                                 -0.0663842,-0.0597394,-0.0561925,-0.000253982,  0.12701700, 0.01442110,  1.000000000,-0.0305813,
                                                  0.0178629,-0.0346766,-0.0402154, 0.028627100, -0.01664330, -0.0140690, -0.030581300, 1.0000000};
                    correlations_matrix = Matrix<double>.Build.Dense(8,8,correlations);
                    GenerateSigma();
                    CS.Add(new int[] {1,2,3,4,5,6,7,8});
                    PS.Add(new int[] {1});
                    PS.Add(new int[] {2});
                    PS.Add(new int[] {3});
                    PS.Add(new int[] {4});
                    PS.Add(new int[] {5});
                    PS.Add(new int[] {6});
                    PS.Add(new int[] {7});
                    PS.Add(new int[] {8});
                    break;
                case "5bn":                     //5 component bridge network
                    number = 5;
                    component_reliabilities = new double[] {0.8, 0.75, 0.7, 0.72, 0.73};
                    /*correlations = new double[] { 1.00, -0.28,   0.1,-0.15, 0.15,
                                                 -0.28,  1.00,   0.2, 0.30,-0.15,
                                                   0.1,   0.2,  1.00, 0.32, 0.50,
                                                 -0.15,  0.30,  0.32, 1.00,-0.22,
                                                  0.15, -0.15,  0.50,-0.22, 1.00};*/
                    correlations = new double[] { 1.0000000, 0.1377770, 0.0326228, 0.0719920, -0.0486818,
                                                  0.1377770, 1.0000000, 0.1108590, 0.0981194,  0.1800180,
                                                  0.0326228, 0.1108590, 1.0000000, 0.0873844,  0.1303380,
                                                  0.0719920, 0.0981194, 0.0873844, 1.0000000,  0.0248845,
                                                 -0.0486818, 0.1800180, 0.1303380, 0.0248845,  1.0000000};
                    correlations_matrix = Matrix<double>.Build.Dense(5,5,correlations);
                    GenerateSigma();
